C 16 16
D 000 2 000
D 001 2 000
D 002 2 000
D 003 2 000
D 004 2 000
D 005 2 000
D 006 2 000
D 007 2 000
D 008 2 000
D 009 2 000
D 010 2 000
D 011 2 000
D 012 2 000
D 013 2 000
D 014 2 000
D 015 2 000
D 016 2 000
D 017 2 000
D 018 2 000
D 019 2 000
D 020 2 000
D 021 2 000
D 022 2 000
D 023 2 000
D 024 2 000
D 025 2 000
D 026 2 000
D 027 2 000
D 028 2 000
D 029 2 000
D 030 2 000
D 031 2 000
D 032 2 000
D 033 2 000
D 034 2 000
D 035 2 000
D 036 2 000
D 037 2 000
D 038 2 000
D 039 2 000
D 040 2 000
D 041 2 000
D 042 2 000
D 043 2 000
D 044 2 000
D 045 2 000
D 046 2 000
D 047 2 000
D 048 2 000
D 049 2 000
D 050 2 000
D 051 2 000
D 052 2 000
D 053 2 000
D 054 2 000
D 055 2 001
D 056 2 000
D 057 2 000
D 058 2 000
D 059 2 000
D 060 2 000
D 061 2 000
D 062 2 000
D 063 2 000
D 064 2 000
D 065 2 000
D 066 2 000
D 067 2 000
D 068 2 000
D 069 2 000
D 070 2 000
D 071 2 000
D 072 2 000
D 073 2 000
D 074 0 000
D 075 2 000
D 076 2 000
D 077 2 000
D 078 2 000
D 079 2 000
D 080 2 000
D 081 2 000
D 082 2 000
D 083 2 000
D 084 2 000
D 085 2 000
D 086 2 000
D 087 2 000
D 088 2 000
D 089 2 000
D 090 2 000
D 091 0 000
D 092 2 000
D 093 2 000
D 094 2 000
D 095 2 000
D 096 2 000
D 097 2 000
D 098 2 000
D 099 2 000
D 100 2 000
D 101 2 000
D 102 2 000
D 103 2 000
D 104 2 000
D 105 2 000
D 106 2 000
D 107 0 000
D 108 2 000
D 109 2 000
D 110 2 000
D 111 2 000
D 112 0 000
D 113 2 000
D 114 2 000
D 115 2 000
D 116 2 000
D 117 2 000
D 118 0 000
D 119 2 000
D 120 2 000
D 121 2 000
D 122 2 000
D 123 2 000
D 124 2 000
D 125 2 000
D 126 2 000
D 127 2 000
D 128 2 000
D 129 2 000
D 130 2 000
D 131 2 000
D 132 2 000
D 133 2 000
D 134 0 000
D 135 3 000
D 136 2 000
D 137 2 000
D 138 2 000
D 139 2 000
D 140 0 000
D 141 2 000
D 142 2 000
D 143 2 000
D 144 2 000
D 145 2 000
D 146 2 000
D 147 2 000
D 148 0 000
D 149 2 000
D 150 2 000
D 151 2 000
D 152 2 000
D 153 2 000
D 154 0 000
D 155 2 000
D 156 2 000
D 157 2 000
D 158 2 000
D 159 2 000
D 160 2 000
D 161 0 000
D 162 2 000
D 163 2 000
D 164 2 000
D 165 2 000
D 166 2 000
D 167 0 000
D 168 2 000
D 169 2 000
D 170 0 000
D 171 0 000
D 172 2 000
D 173 2 000
D 174 2 000
D 175 2 000
D 176 0 000
D 177 2 000
D 178 2 000
D 179 2 000
D 180 2 000
D 181 2 000
D 182 0 000
D 183 0 000
D 184 2 000
D 185 0 000
D 186 0 000
D 187 2 000
D 188 2 000
D 189 2 000
D 190 2 000
D 191 2 000
D 192 2 000
D 193 2 000
D 194 2 000
D 195 2 000
D 196 0 000
D 197 2 000
D 198 2 000
D 199 2 000
D 200 2 000
D 201 2 000
D 202 0 000
D 203 2 000
D 204 2 000
D 205 2 000
D 206 2 000
D 207 2 000
D 208 2 000
D 209 2 000
D 210 2 000
D 211 2 000
D 212 2 000
D 213 2 000
D 214 2 000
D 215 2 000
D 216 2 000
D 217 2 000
D 218 2 000
D 219 2 000
D 220 2 000
D 221 2 000
D 222 2 000
D 223 2 000
D 224 2 000
D 225 2 000
D 226 2 000
D 227 2 000
D 228 2 000
D 229 2 000
D 230 2 000
D 231 2 000
D 232 2 000
D 233 2 000
D 234 0 000
D 235 2 000
D 236 2 000
D 237 2 000
D 238 0 000
D 239 0 000
D 240 2 000
D 241 2 000
D 242 2 000
D 243 2 000
D 244 2 000
D 245 2 000
D 246 2 000
D 247 2 000
D 248 2 000
D 249 2 000
D 250 0 000
D 251 2 000
D 252 2 000
D 253 0 000
D 254 0 000
D 255 0 000
L 000 1
L 001 1
L 002 1
L 003 0
L 004 1
L 005 0
L 006 1
L 007 0
L 008 1
L 009 0
L 010 1
L 011 0
L 012 1
L 013 1
L 014 1
L 015 1
L 016 1
L 017 1
L 018 1
L 019 1
L 020 1
L 021 1
L 022 1
L 023 1
L 024 1
L 025 0
L 026 0
L 027 1
L 028 1
L 029 1
L 030 0
L 031 0
L 032 1
L 033 1
L 034 1
L 035 1
L 036 0
L 037 1
L 038 0
L 039 1
L 040 0
L 041 0
L 042 1
L 043 1
L 044 1
L 045 1
L 046 1
L 047 1
L 048 1
L 049 1
L 050 1
L 051 1
L 052 0
L 053 0
L 054 0
L 055 1
L 056 0
L 057 1
L 058 1
L 059 1
L 060 1
L 061 1
L 062 0
L 063 1
L 064 0
L 065 1
L 066 1
L 067 1
L 068 1
L 069 0
L 070 0
L 071 1
L 072 0
L 073 1
L 074 1
L 075 1
L 076 0
L 077 1
L 078 0
L 079 0
L 080 1
L 081 1
L 082 0
L 083 1
L 084 1
L 085 1
L 086 0
L 087 1
L 088 1
L 089 0
L 090 1
L 091 1
L 092 1
L 093 0
L 094 1
L 095 0
L 096 1
L 097 1
L 098 0
L 099 0
L 100 0
L 101 0
L 102 1
L 103 0
L 104 1
L 105 1
L 106 1
L 107 0
L 108 1
L 109 0
L 110 1
L 111 1
L 112 1
L 113 1
L 114 0
L 115 1
L 116 0
L 117 1
L 118 1
L 119 0
L 120 0
L 121 1
L 122 1
L 123 1
L 124 0
L 125 1
L 126 1
L 127 0
L 128 1
L 129 0
L 130 1
L 131 0
L 132 0
L 133 0
L 134 0
L 135 1
L 136 1
L 137 1
L 138 0
L 139 1
L 140 1
L 141 1
L 142 0
L 143 1
L 144 0
L 145 0
L 146 1
L 147 0
L 148 1
L 149 1
L 150 0
L 151 0
L 152 0
L 153 0
L 154 1
L 155 1
L 156 0
L 157 1
L 158 0
L 159 1
L 160 0
L 161 1
L 162 0
L 163 1
L 164 0
L 165 0
L 166 0
L 167 1
L 168 1
L 169 1
L 170 1
L 171 1
L 172 1
L 173 0
L 174 1
L 175 0
L 176 1
L 177 0
L 178 0
L 179 1
L 180 1
L 181 1
L 182 1
L 183 1
L 184 1
L 185 1
L 186 1
L 187 0
L 188 1
L 189 1
L 190 1
L 191 1
L 192 1
L 193 1
L 194 1
L 195 0
L 196 1
L 197 1
L 198 1
L 199 0
L 200 0
L 201 1
L 202 1
L 203 1
L 204 1
L 205 1
L 206 0
L 207 1
L 208 0
L 209 0
L 210 1
L 211 1
L 212 0
L 213 1
L 214 1
L 215 1
L 216 1
L 217 1
L 218 0
L 219 1
L 220 1
L 221 0
L 222 1
L 223 0
L 224 1
L 225 0
L 226 1
L 227 0
L 228 0
L 229 0
L 230 0
L 231 1
L 232 1
L 233 1
L 234 1
L 235 1
L 236 0
L 237 0
L 238 1
L 239 1
L 240 1
L 241 1
L 242 0
L 243 0
L 244 1
L 245 1
L 246 1
L 247 1
L 248 1
L 249 1
L 250 1
L 251 1
L 252 1
L 253 1
L 254 1
L 255 0
L 256 1
L 257 0
L 258 0
L 259 1
L 260 0
L 261 0
L 262 1
L 263 1
L 264 1
L 265 0
L 266 1
L 267 1
L 268 1
L 269 0
L 270 0
L 271 1
L 272 0
L 273 0
L 274 0
L 275 0
L 276 1
L 277 1
L 278 1
L 279 0
L 280 1
L 281 1
L 282 0
L 283 1
L 284 1
L 285 0
L 286 1
L 287 0
L 288 0
L 289 0
L 290 1
L 291 1
L 292 1
L 293 1
L 294 0
L 295 0
L 296 1
L 297 0
L 298 1
L 299 0
L 300 0
L 301 1
L 302 0
L 303 1
L 304 1
L 305 1
L 306 1
L 307 1
L 308 1
L 309 1
L 310 0
L 311 0
L 312 0
L 313 0
L 314 1
L 315 1
L 316 1
L 317 1
L 318 1
L 319 1
L 320 1
L 321 0
L 322 0
L 323 0
L 324 0
L 325 0
L 326 1
L 327 1
L 328 0
L 329 0
L 330 0
L 331 0
L 332 0
L 333 0
L 334 1
L 335 0
L 336 1
L 337 1
L 338 1
L 339 1
L 340 1
L 341 0
L 342 0
L 343 1
L 344 1
L 345 1
L 346 0
L 347 1
L 348 1
L 349 1
L 350 0
L 351 0
L 352 1
L 353 0
L 354 0
L 355 0
L 356 0
L 357 0
L 358 1
L 359 0
L 360 0
L 361 0
L 362 0
L 363 1
L 364 1
L 365 1
L 366 1
L 367 1
L 368 1
L 369 1
L 370 1
L 371 1
L 372 1
L 373 1
L 374 1
L 375 1
L 376 0
L 377 0
L 378 0
L 379 1
L 380 0
L 381 0
L 382 1
L 383 1
L 384 1
L 385 0
L 386 1
L 387 0
L 388 1
L 389 1
L 390 0
L 391 1
L 392 0
L 393 0
L 394 1
L 395 1
L 396 1
L 397 1
L 398 1
L 399 1
L 400 1
L 401 1
L 402 1
L 403 1
L 404 1
L 405 0
L 406 0
L 407 1
L 408 0
L 409 1
L 410 1
L 411 0
L 412 1
L 413 1
L 414 1
L 415 0
L 416 0
L 417 0
L 418 1
L 419 1
L 420 1
L 421 1
L 422 1
L 423 1
L 424 0
L 425 1
L 426 1
L 427 1
L 428 1
L 429 0
L 430 0
L 431 1
L 432 1
L 433 0
L 434 0
L 435 0
L 436 0
L 437 1
L 438 1
L 439 1
L 440 0
L 441 1
L 442 0
L 443 1
L 444 1
L 445 1
L 446 1
L 447 1
L 448 1
L 449 1
L 450 1
L 451 1
L 452 0
L 453 1
L 454 0
L 455 0
L 456 0
L 457 1
L 458 1
L 459 1
L 460 0
L 461 0
L 462 0
L 463 0
L 464 0
L 465 1
L 466 1
L 467 1
L 468 1
L 469 1
L 470 1
L 471 1
L 472 1
L 473 1
L 474 0
L 475 0
L 476 1
L 477 0
L 478 0
L 479 0
