C 10 10
D 000 2 005
D 001 2 006
D 002 2 006
D 003 2 006
D 004 2 007
D 005 2 008
D 006 3 010
D 007 3 010
D 008 2 009
D 009 3 008
D 010 2 006
D 011 3 008
D 012 3 008
D 013 2 010
D 014 3 010
D 015 3 010
D 016 2 009
D 017 2 010
D 018 3 011
D 019 2 009
D 020 2 008
D 021 3 010
D 022 2 010
D 023 3 012
D 024 2 009
D 025 2 010
D 026 2 008
D 027 2 009
D 028 2 012
D 029 2 009
D 030 3 010
D 031 2 011
D 032 3 011
D 033 2 009
D 034 2 009
D 035 2 012
D 036 2 011
D 037 2 010
D 038 3 011
D 039 3 010
D 040 2 007
D 041 3 010
D 042 3 011
D 043 3 012
D 044 3 013
D 045 3 013
D 046 2 011
D 047 2 011
D 048 2 009
D 049 3 009
D 050 3 010
D 051 2 011
D 052 2 010
D 053 2 013
D 054 3 014
D 055 3 016
D 056 2 014
D 057 2 012
D 058 2 012
D 059 3 011
D 060 2 009
D 061 3 008
D 062 3 009
D 063 3 014
D 064 2 012
D 065 3 011
D 066 3 012
D 067 2 014
D 068 3 014
D 069 2 011
D 070 3 010
D 071 3 010
D 072 3 010
D 073 3 013
D 074 3 013
D 075 2 011
D 076 3 012
D 077 3 012
D 078 3 012
D 079 3 011
D 080 2 008
D 081 2 009
D 082 2 012
D 083 2 011
D 084 3 011
D 085 2 012
D 086 3 013
D 087 2 011
D 088 2 008
D 089 3 011
D 090 2 008
D 091 3 010
D 092 3 011
D 093 3 011
D 094 3 009
D 095 3 011
D 096 2 010
D 097 2 010
D 098 3 010
D 099 2 008
L 000 1
L 001 1
L 002 1
L 003 1
L 004 1
L 005 1
L 006 1
L 007 1
L 008 1
L 009 1
L 010 1
L 011 1
L 012 1
L 013 1
L 014 1
L 015 1
L 016 1
L 017 1
L 018 1
L 019 1
L 020 1
L 021 1
L 022 1
L 023 1
L 024 1
L 025 1
L 026 1
L 027 1
L 028 1
L 029 1
L 030 1
L 031 1
L 032 1
L 033 1
L 034 1
L 035 1
L 036 1
L 037 1
L 038 1
L 039 1
L 040 1
L 041 1
L 042 1
L 043 1
L 044 1
L 045 1
L 046 1
L 047 1
L 048 1
L 049 1
L 050 1
L 051 1
L 052 1
L 053 1
L 054 1
L 055 1
L 056 1
L 057 1
L 058 1
L 059 1
L 060 1
L 061 1
L 062 1
L 063 1
L 064 1
L 065 1
L 066 1
L 067 1
L 068 1
L 069 1
L 070 1
L 071 1
L 072 1
L 073 1
L 074 1
L 075 1
L 076 1
L 077 1
L 078 1
L 079 1
L 080 1
L 081 1
L 082 1
L 083 1
L 084 1
L 085 1
L 086 1
L 087 1
L 088 1
L 089 1
L 090 1
L 091 1
L 092 1
L 093 1
L 094 1
L 095 1
L 096 1
L 097 1
L 098 1
L 099 1
L 100 1
L 101 1
L 102 1
L 103 1
L 104 1
L 105 1
L 106 1
L 107 1
L 108 1
L 109 1
L 110 1
L 111 1
L 112 1
L 113 1
L 114 1
L 115 1
L 116 1
L 117 1
L 118 1
L 119 1
L 120 1
L 121 1
L 122 1
L 123 1
L 124 1
L 125 1
L 126 1
L 127 1
L 128 1
L 129 1
L 130 1
L 131 1
L 132 1
L 133 1
L 134 1
L 135 1
L 136 1
L 137 1
L 138 1
L 139 1
L 140 1
L 141 1
L 142 1
L 143 1
L 144 1
L 145 1
L 146 1
L 147 1
L 148 1
L 149 1
L 150 1
L 151 1
L 152 1
L 153 1
L 154 1
L 155 1
L 156 1
L 157 1
L 158 1
L 159 1
L 160 1
L 161 1
L 162 1
L 163 1
L 164 1
L 165 1
L 166 1
L 167 1
L 168 1
L 169 1
L 170 1
L 171 1
L 172 1
L 173 1
L 174 1
L 175 1
L 176 1
L 177 1
L 178 1
L 179 1
